4
Line
1
(-5, -5)
(5, 5)
Rectangle
2
(0, 0)
10
10
vector AB
1
(0, 0)
(0, 10)
vector BC
2
(0, 10)
(10, 10)
vector CD
3
(10, 10)
(10, 0)
vector DA
4
(10, 0)
(0, 0)
perimetr
40
area
100
circle
3
center
(1.4, 1.4)
radius
17
vector
0
(18.4, 1.4)
(18.3974, 1.69669)
vector
1
(18.3974, 1.69669)
(18.3896, 1.99329)
vector
2
(18.3896, 1.99329)
(18.3767, 2.28971)
vector
3
(18.3767, 2.28971)
(18.3586, 2.58586)
vector
4
(18.3586, 2.58586)
(18.3353, 2.88165)
vector
5
(18.3353, 2.88165)
(18.3069, 3.17698)
vector
6
(18.3069, 3.17698)
(18.2733, 3.47178)
vector
7
(18.2733, 3.47178)
(18.2346, 3.76594)
vector
8
(18.2346, 3.76594)
(18.1907, 4.05939)
vector
9
(18.1907, 4.05939)
(18.1417, 4.35202)
vector
10
(18.1417, 4.35202)
(18.0877, 4.64375)
vector
11
(18.0877, 4.64375)
(18.0285, 4.9345)
vector
12
(18.0285, 4.9345)
(17.9643, 5.22417)
vector
13
(17.9643, 5.22417)
(17.895, 5.51267)
vector
14
(17.895, 5.51267)
(17.8207, 5.79992)
vector
15
(17.8207, 5.79992)
(17.7414, 6.08584)
vector
16
(17.7414, 6.08584)
(17.6572, 6.37032)
vector
17
(17.6572, 6.37032)
(17.568, 6.65329)
vector
18
(17.568, 6.65329)
(17.4738, 6.93466)
vector
19
(17.4738, 6.93466)
(17.3748, 7.21434)
vector
20
(17.3748, 7.21434)
(17.2709, 7.49226)
vector
21
(17.2709, 7.49226)
(17.1621, 7.76831)
vector
22
(17.1621, 7.76831)
(17.0486, 8.04243)
vector
23
(17.0486, 8.04243)
(16.9303, 8.31452)
vector
24
(16.9303, 8.31452)
(16.8072, 8.58451)
vector
25
(16.8072, 8.58451)
(16.6795, 8.85231)
vector
26
(16.6795, 8.85231)
(16.5471, 9.11784)
vector
27
(16.5471, 9.11784)
(16.4101, 9.38102)
vector
28
(16.4101, 9.38102)
(16.2685, 9.64176)
vector
29
(16.2685, 9.64176)
(16.1224, 9.9)
vector
30
(16.1224, 9.9)
(15.9718, 10.1556)
vector
31
(15.9718, 10.1556)
(15.8168, 10.4086)
vector
32
(15.8168, 10.4086)
(15.6574, 10.6589)
vector
33
(15.6574, 10.6589)
(15.4936, 10.9063)
vector
34
(15.4936, 10.9063)
(15.3256, 11.1508)
vector
35
(15.3256, 11.1508)
(15.1533, 11.3923)
vector
36
(15.1533, 11.3923)
(14.9768, 11.6309)
vector
37
(14.9768, 11.6309)
(14.7962, 11.8662)
vector
38
(14.7962, 11.8662)
(14.6115, 12.0984)
vector
39
(14.6115, 12.0984)
(14.4228, 12.3274)
vector
40
(14.4228, 12.3274)
(14.2301, 12.553)
vector
41
(14.2301, 12.553)
(14.0335, 12.7752)
vector
42
(14.0335, 12.7752)
(13.833, 12.994)
vector
43
(13.833, 12.994)
(13.6288, 13.2092)
vector
44
(13.6288, 13.2092)
(13.4208, 13.4208)
vector
45
(13.4208, 13.4208)
(13.2092, 13.6288)
vector
46
(13.2092, 13.6288)
(12.994, 13.833)
vector
47
(12.994, 13.833)
(12.7752, 14.0335)
vector
48
(12.7752, 14.0335)
(12.553, 14.2301)
vector
49
(12.553, 14.2301)
(12.3274, 14.4228)
vector
50
(12.3274, 14.4228)
(12.0984, 14.6115)
vector
51
(12.0984, 14.6115)
(11.8662, 14.7962)
vector
52
(11.8662, 14.7962)
(11.6309, 14.9768)
vector
53
(11.6309, 14.9768)
(11.3923, 15.1533)
vector
54
(11.3923, 15.1533)
(11.1508, 15.3256)
vector
55
(11.1508, 15.3256)
(10.9063, 15.4936)
vector
56
(10.9063, 15.4936)
(10.6589, 15.6574)
vector
57
(10.6589, 15.6574)
(10.4086, 15.8168)
vector
58
(10.4086, 15.8168)
(10.1556, 15.9718)
vector
59
(10.1556, 15.9718)
(9.9, 16.1224)
vector
60
(9.9, 16.1224)
(9.64176, 16.2685)
vector
61
(9.64176, 16.2685)
(9.38102, 16.4101)
vector
62
(9.38102, 16.4101)
(9.11784, 16.5471)
vector
63
(9.11784, 16.5471)
(8.85231, 16.6795)
vector
64
(8.85231, 16.6795)
(8.58451, 16.8072)
vector
65
(8.58451, 16.8072)
(8.31452, 16.9303)
vector
66
(8.31452, 16.9303)
(8.04243, 17.0486)
vector
67
(8.04243, 17.0486)
(7.76831, 17.1621)
vector
68
(7.76831, 17.1621)
(7.49226, 17.2709)
vector
69
(7.49226, 17.2709)
(7.21434, 17.3748)
vector
70
(7.21434, 17.3748)
(6.93466, 17.4738)
vector
71
(6.93466, 17.4738)
(6.65329, 17.568)
vector
72
(6.65329, 17.568)
(6.37032, 17.6572)
vector
73
(6.37032, 17.6572)
(6.08584, 17.7414)
vector
74
(6.08584, 17.7414)
(5.79992, 17.8207)
vector
75
(5.79992, 17.8207)
(5.51267, 17.895)
vector
76
(5.51267, 17.895)
(5.22417, 17.9643)
vector
77
(5.22417, 17.9643)
(4.9345, 18.0285)
vector
78
(4.9345, 18.0285)
(4.64375, 18.0877)
vector
79
(4.64375, 18.0877)
(4.35202, 18.1417)
vector
80
(4.35202, 18.1417)
(4.05939, 18.1907)
vector
81
(4.05939, 18.1907)
(3.76594, 18.2346)
vector
82
(3.76594, 18.2346)
(3.47178, 18.2733)
vector
83
(3.47178, 18.2733)
(3.17698, 18.3069)
vector
84
(3.17698, 18.3069)
(2.88165, 18.3353)
vector
85
(2.88165, 18.3353)
(2.58586, 18.3586)
vector
86
(2.58586, 18.3586)
(2.28971, 18.3767)
vector
87
(2.28971, 18.3767)
(1.99329, 18.3896)
vector
88
(1.99329, 18.3896)
(1.69669, 18.3974)
vector
89
(1.69669, 18.3974)
(1.4, 18.4)
vector
90
(1.4, 18.4)
(1.10331, 18.3974)
vector
91
(1.10331, 18.3974)
(0.806709, 18.3896)
vector
92
(0.806709, 18.3896)
(0.510289, 18.3767)
vector
93
(0.510289, 18.3767)
(0.21414, 18.3586)
vector
94
(0.21414, 18.3586)
(-0.0816476, 18.3353)
vector
95
(-0.0816476, 18.3353)
(-0.376984, 18.3069)
vector
96
(-0.376984, 18.3069)
(-0.671779, 18.2733)
vector
97
(-0.671779, 18.2733)
(-0.965943, 18.2346)
vector
98
(-0.965943, 18.2346)
(-1.25939, 18.1907)
vector
99
(-1.25939, 18.1907)
(-1.55202, 18.1417)
vector
100
(-1.55202, 18.1417)
(-1.84375, 18.0877)
vector
101
(-1.84375, 18.0877)
(-2.1345, 18.0285)
vector
102
(-2.1345, 18.0285)
(-2.42417, 17.9643)
vector
103
(-2.42417, 17.9643)
(-2.71267, 17.895)
vector
104
(-2.71267, 17.895)
(-2.99992, 17.8207)
vector
105
(-2.99992, 17.8207)
(-3.28584, 17.7414)
vector
106
(-3.28584, 17.7414)
(-3.57032, 17.6572)
vector
107
(-3.57032, 17.6572)
(-3.85329, 17.568)
vector
108
(-3.85329, 17.568)
(-4.13466, 17.4738)
vector
109
(-4.13466, 17.4738)
(-4.41434, 17.3748)
vector
110
(-4.41434, 17.3748)
(-4.69226, 17.2709)
vector
111
(-4.69226, 17.2709)
(-4.96831, 17.1621)
vector
112
(-4.96831, 17.1621)
(-5.24243, 17.0486)
vector
113
(-5.24243, 17.0486)
(-5.51452, 16.9303)
vector
114
(-5.51452, 16.9303)
(-5.78451, 16.8072)
vector
115
(-5.78451, 16.8072)
(-6.05231, 16.6795)
vector
116
(-6.05231, 16.6795)
(-6.31784, 16.5471)
vector
117
(-6.31784, 16.5471)
(-6.58102, 16.4101)
vector
118
(-6.58102, 16.4101)
(-6.84176, 16.2685)
vector
119
(-6.84176, 16.2685)
(-7.1, 16.1224)
vector
120
(-7.1, 16.1224)
(-7.35565, 15.9718)
vector
121
(-7.35565, 15.9718)
(-7.60863, 15.8168)
vector
122
(-7.60863, 15.8168)
(-7.85886, 15.6574)
vector
123
(-7.85886, 15.6574)
(-8.10628, 15.4936)
vector
124
(-8.10628, 15.4936)
(-8.3508, 15.3256)
vector
125
(-8.3508, 15.3256)
(-8.59235, 15.1533)
vector
126
(-8.59235, 15.1533)
(-8.83086, 14.9768)
vector
127
(-8.83086, 14.9768)
(-9.06625, 14.7962)
vector
128
(-9.06625, 14.7962)
(-9.29845, 14.6115)
vector
129
(-9.29845, 14.6115)
(-9.52739, 14.4228)
vector
130
(-9.52739, 14.4228)
(-9.753, 14.2301)
vector
131
(-9.753, 14.2301)
(-9.97522, 14.0335)
vector
132
(-9.97522, 14.0335)
(-10.194, 13.833)
vector
133
(-10.194, 13.833)
(-10.4092, 13.6288)
vector
134
(-10.4092, 13.6288)
(-10.6208, 13.4208)
vector
135
(-10.6208, 13.4208)
(-10.8288, 13.2092)
vector
136
(-10.8288, 13.2092)
(-11.033, 12.994)
vector
137
(-11.033, 12.994)
(-11.2335, 12.7752)
vector
138
(-11.2335, 12.7752)
(-11.4301, 12.553)
vector
139
(-11.4301, 12.553)
(-11.6228, 12.3274)
vector
140
(-11.6228, 12.3274)
(-11.8115, 12.0984)
vector
141
(-11.8115, 12.0984)
(-11.9962, 11.8662)
vector
142
(-11.9962, 11.8662)
(-12.1768, 11.6309)
vector
143
(-12.1768, 11.6309)
(-12.3533, 11.3923)
vector
144
(-12.3533, 11.3923)
(-12.5256, 11.1508)
vector
145
(-12.5256, 11.1508)
(-12.6936, 10.9063)
vector
146
(-12.6936, 10.9063)
(-12.8574, 10.6589)
vector
147
(-12.8574, 10.6589)
(-13.0168, 10.4086)
vector
148
(-13.0168, 10.4086)
(-13.1718, 10.1556)
vector
149
(-13.1718, 10.1556)
(-13.3224, 9.9)
vector
150
(-13.3224, 9.9)
(-13.4685, 9.64176)
vector
151
(-13.4685, 9.64176)
(-13.6101, 9.38102)
vector
152
(-13.6101, 9.38102)
(-13.7471, 9.11784)
vector
153
(-13.7471, 9.11784)
(-13.8795, 8.85231)
vector
154
(-13.8795, 8.85231)
(-14.0072, 8.58451)
vector
155
(-14.0072, 8.58451)
(-14.1303, 8.31452)
vector
156
(-14.1303, 8.31452)
(-14.2486, 8.04243)
vector
157
(-14.2486, 8.04243)
(-14.3621, 7.76831)
vector
158
(-14.3621, 7.76831)
(-14.4709, 7.49226)
vector
159
(-14.4709, 7.49226)
(-14.5748, 7.21434)
vector
160
(-14.5748, 7.21434)
(-14.6738, 6.93466)
vector
161
(-14.6738, 6.93466)
(-14.768, 6.65329)
vector
162
(-14.768, 6.65329)
(-14.8572, 6.37032)
vector
163
(-14.8572, 6.37032)
(-14.9414, 6.08584)
vector
164
(-14.9414, 6.08584)
(-15.0207, 5.79992)
vector
165
(-15.0207, 5.79992)
(-15.095, 5.51267)
vector
166
(-15.095, 5.51267)
(-15.1643, 5.22417)
vector
167
(-15.1643, 5.22417)
(-15.2285, 4.9345)
vector
168
(-15.2285, 4.9345)
(-15.2877, 4.64375)
vector
169
(-15.2877, 4.64375)
(-15.3417, 4.35202)
vector
170
(-15.3417, 4.35202)
(-15.3907, 4.05939)
vector
171
(-15.3907, 4.05939)
(-15.4346, 3.76594)
vector
172
(-15.4346, 3.76594)
(-15.4733, 3.47178)
vector
173
(-15.4733, 3.47178)
(-15.5069, 3.17698)
vector
174
(-15.5069, 3.17698)
(-15.5353, 2.88165)
vector
175
(-15.5353, 2.88165)
(-15.5586, 2.58586)
vector
176
(-15.5586, 2.58586)
(-15.5767, 2.28971)
vector
177
(-15.5767, 2.28971)
(-15.5896, 1.99329)
vector
178
(-15.5896, 1.99329)
(-15.5974, 1.69669)
vector
179
(-15.5974, 1.69669)
(-15.6, 1.4)
vector
180
(-15.6, 1.4)
(-15.5974, 1.10331)
vector
181
(-15.5974, 1.10331)
(-15.5896, 0.806709)
vector
182
(-15.5896, 0.806709)
(-15.5767, 0.510289)
vector
183
(-15.5767, 0.510289)
(-15.5586, 0.21414)
vector
184
(-15.5586, 0.21414)
(-15.5353, -0.0816476)
vector
185
(-15.5353, -0.0816476)
(-15.5069, -0.376984)
vector
186
(-15.5069, -0.376984)
(-15.4733, -0.671779)
vector
187
(-15.4733, -0.671779)
(-15.4346, -0.965943)
vector
188
(-15.4346, -0.965943)
(-15.3907, -1.25939)
vector
189
(-15.3907, -1.25939)
(-15.3417, -1.55202)
vector
190
(-15.3417, -1.55202)
(-15.2877, -1.84375)
vector
191
(-15.2877, -1.84375)
(-15.2285, -2.1345)
vector
192
(-15.2285, -2.1345)
(-15.1643, -2.42417)
vector
193
(-15.1643, -2.42417)
(-15.095, -2.71267)
vector
194
(-15.095, -2.71267)
(-15.0207, -2.99992)
vector
195
(-15.0207, -2.99992)
(-14.9414, -3.28584)
vector
196
(-14.9414, -3.28584)
(-14.8572, -3.57032)
vector
197
(-14.8572, -3.57032)
(-14.768, -3.85329)
vector
198
(-14.768, -3.85329)
(-14.6738, -4.13466)
vector
199
(-14.6738, -4.13466)
(-14.5748, -4.41434)
vector
200
(-14.5748, -4.41434)
(-14.4709, -4.69226)
vector
201
(-14.4709, -4.69226)
(-14.3621, -4.96831)
vector
202
(-14.3621, -4.96831)
(-14.2486, -5.24243)
vector
203
(-14.2486, -5.24243)
(-14.1303, -5.51452)
vector
204
(-14.1303, -5.51452)
(-14.0072, -5.78451)
vector
205
(-14.0072, -5.78451)
(-13.8795, -6.05231)
vector
206
(-13.8795, -6.05231)
(-13.7471, -6.31784)
vector
207
(-13.7471, -6.31784)
(-13.6101, -6.58102)
vector
208
(-13.6101, -6.58102)
(-13.4685, -6.84176)
vector
209
(-13.4685, -6.84176)
(-13.3224, -7.1)
vector
210
(-13.3224, -7.1)
(-13.1718, -7.35565)
vector
211
(-13.1718, -7.35565)
(-13.0168, -7.60863)
vector
212
(-13.0168, -7.60863)
(-12.8574, -7.85886)
vector
213
(-12.8574, -7.85886)
(-12.6936, -8.10628)
vector
214
(-12.6936, -8.10628)
(-12.5256, -8.3508)
vector
215
(-12.5256, -8.3508)
(-12.3533, -8.59235)
vector
216
(-12.3533, -8.59235)
(-12.1768, -8.83086)
vector
217
(-12.1768, -8.83086)
(-11.9962, -9.06625)
vector
218
(-11.9962, -9.06625)
(-11.8115, -9.29845)
vector
219
(-11.8115, -9.29845)
(-11.6228, -9.52739)
vector
220
(-11.6228, -9.52739)
(-11.4301, -9.753)
vector
221
(-11.4301, -9.753)
(-11.2335, -9.97522)
vector
222
(-11.2335, -9.97522)
(-11.033, -10.194)
vector
223
(-11.033, -10.194)
(-10.8288, -10.4092)
vector
224
(-10.8288, -10.4092)
(-10.6208, -10.6208)
vector
225
(-10.6208, -10.6208)
(-10.4092, -10.8288)
vector
226
(-10.4092, -10.8288)
(-10.194, -11.033)
vector
227
(-10.194, -11.033)
(-9.97522, -11.2335)
vector
228
(-9.97522, -11.2335)
(-9.753, -11.4301)
vector
229
(-9.753, -11.4301)
(-9.52739, -11.6228)
vector
230
(-9.52739, -11.6228)
(-9.29845, -11.8115)
vector
231
(-9.29845, -11.8115)
(-9.06625, -11.9962)
vector
232
(-9.06625, -11.9962)
(-8.83086, -12.1768)
vector
233
(-8.83086, -12.1768)
(-8.59235, -12.3533)
vector
234
(-8.59235, -12.3533)
(-8.3508, -12.5256)
vector
235
(-8.3508, -12.5256)
(-8.10628, -12.6936)
vector
236
(-8.10628, -12.6936)
(-7.85886, -12.8574)
vector
237
(-7.85886, -12.8574)
(-7.60863, -13.0168)
vector
238
(-7.60863, -13.0168)
(-7.35565, -13.1718)
vector
239
(-7.35565, -13.1718)
(-7.1, -13.3224)
vector
240
(-7.1, -13.3224)
(-6.84176, -13.4685)
vector
241
(-6.84176, -13.4685)
(-6.58102, -13.6101)
vector
242
(-6.58102, -13.6101)
(-6.31784, -13.7471)
vector
243
(-6.31784, -13.7471)
(-6.05231, -13.8795)
vector
244
(-6.05231, -13.8795)
(-5.78451, -14.0072)
vector
245
(-5.78451, -14.0072)
(-5.51452, -14.1303)
vector
246
(-5.51452, -14.1303)
(-5.24243, -14.2486)
vector
247
(-5.24243, -14.2486)
(-4.96831, -14.3621)
vector
248
(-4.96831, -14.3621)
(-4.69226, -14.4709)
vector
249
(-4.69226, -14.4709)
(-4.41434, -14.5748)
vector
250
(-4.41434, -14.5748)
(-4.13466, -14.6738)
vector
251
(-4.13466, -14.6738)
(-3.85329, -14.768)
vector
252
(-3.85329, -14.768)
(-3.57032, -14.8572)
vector
253
(-3.57032, -14.8572)
(-3.28584, -14.9414)
vector
254
(-3.28584, -14.9414)
(-2.99992, -15.0207)
vector
255
(-2.99992, -15.0207)
(-2.71267, -15.095)
vector
256
(-2.71267, -15.095)
(-2.42417, -15.1643)
vector
257
(-2.42417, -15.1643)
(-2.1345, -15.2285)
vector
258
(-2.1345, -15.2285)
(-1.84375, -15.2877)
vector
259
(-1.84375, -15.2877)
(-1.55202, -15.3417)
vector
260
(-1.55202, -15.3417)
(-1.25939, -15.3907)
vector
261
(-1.25939, -15.3907)
(-0.965943, -15.4346)
vector
262
(-0.965943, -15.4346)
(-0.671779, -15.4733)
vector
263
(-0.671779, -15.4733)
(-0.376984, -15.5069)
vector
264
(-0.376984, -15.5069)
(-0.0816476, -15.5353)
vector
265
(-0.0816476, -15.5353)
(0.21414, -15.5586)
vector
266
(0.21414, -15.5586)
(0.510289, -15.5767)
vector
267
(0.510289, -15.5767)
(0.806709, -15.5896)
vector
268
(0.806709, -15.5896)
(1.10331, -15.5974)
vector
269
(1.10331, -15.5974)
(1.4, -15.6)
vector
270
(1.4, -15.6)
(1.69669, -15.5974)
vector
271
(1.69669, -15.5974)
(1.99329, -15.5896)
vector
272
(1.99329, -15.5896)
(2.28971, -15.5767)
vector
273
(2.28971, -15.5767)
(2.58586, -15.5586)
vector
274
(2.58586, -15.5586)
(2.88165, -15.5353)
vector
275
(2.88165, -15.5353)
(3.17698, -15.5069)
vector
276
(3.17698, -15.5069)
(3.47178, -15.4733)
vector
277
(3.47178, -15.4733)
(3.76594, -15.4346)
vector
278
(3.76594, -15.4346)
(4.05939, -15.3907)
vector
279
(4.05939, -15.3907)
(4.35202, -15.3417)
vector
280
(4.35202, -15.3417)
(4.64375, -15.2877)
vector
281
(4.64375, -15.2877)
(4.9345, -15.2285)
vector
282
(4.9345, -15.2285)
(5.22417, -15.1643)
vector
283
(5.22417, -15.1643)
(5.51267, -15.095)
vector
284
(5.51267, -15.095)
(5.79992, -15.0207)
vector
285
(5.79992, -15.0207)
(6.08584, -14.9414)
vector
286
(6.08584, -14.9414)
(6.37032, -14.8572)
vector
287
(6.37032, -14.8572)
(6.65329, -14.768)
vector
288
(6.65329, -14.768)
(6.93466, -14.6738)
vector
289
(6.93466, -14.6738)
(7.21434, -14.5748)
vector
290
(7.21434, -14.5748)
(7.49226, -14.4709)
vector
291
(7.49226, -14.4709)
(7.76831, -14.3621)
vector
292
(7.76831, -14.3621)
(8.04243, -14.2486)
vector
293
(8.04243, -14.2486)
(8.31452, -14.1303)
vector
294
(8.31452, -14.1303)
(8.58451, -14.0072)
vector
295
(8.58451, -14.0072)
(8.85231, -13.8795)
vector
296
(8.85231, -13.8795)
(9.11784, -13.7471)
vector
297
(9.11784, -13.7471)
(9.38102, -13.6101)
vector
298
(9.38102, -13.6101)
(9.64176, -13.4685)
vector
299
(9.64176, -13.4685)
(9.9, -13.3224)
vector
300
(9.9, -13.3224)
(10.1556, -13.1718)
vector
301
(10.1556, -13.1718)
(10.4086, -13.0168)
vector
302
(10.4086, -13.0168)
(10.6589, -12.8574)
vector
303
(10.6589, -12.8574)
(10.9063, -12.6936)
vector
304
(10.9063, -12.6936)
(11.1508, -12.5256)
vector
305
(11.1508, -12.5256)
(11.3923, -12.3533)
vector
306
(11.3923, -12.3533)
(11.6309, -12.1768)
vector
307
(11.6309, -12.1768)
(11.8662, -11.9962)
vector
308
(11.8662, -11.9962)
(12.0984, -11.8115)
vector
309
(12.0984, -11.8115)
(12.3274, -11.6228)
vector
310
(12.3274, -11.6228)
(12.553, -11.4301)
vector
311
(12.553, -11.4301)
(12.7752, -11.2335)
vector
312
(12.7752, -11.2335)
(12.994, -11.033)
vector
313
(12.994, -11.033)
(13.2092, -10.8288)
vector
314
(13.2092, -10.8288)
(13.4208, -10.6208)
vector
315
(13.4208, -10.6208)
(13.6288, -10.4092)
vector
316
(13.6288, -10.4092)
(13.833, -10.194)
vector
317
(13.833, -10.194)
(14.0335, -9.97522)
vector
318
(14.0335, -9.97522)
(14.2301, -9.753)
vector
319
(14.2301, -9.753)
(14.4228, -9.52739)
vector
320
(14.4228, -9.52739)
(14.6115, -9.29845)
vector
321
(14.6115, -9.29845)
(14.7962, -9.06625)
vector
322
(14.7962, -9.06625)
(14.9768, -8.83086)
vector
323
(14.9768, -8.83086)
(15.1533, -8.59235)
vector
324
(15.1533, -8.59235)
(15.3256, -8.3508)
vector
325
(15.3256, -8.3508)
(15.4936, -8.10628)
vector
326
(15.4936, -8.10628)
(15.6574, -7.85886)
vector
327
(15.6574, -7.85886)
(15.8168, -7.60863)
vector
328
(15.8168, -7.60863)
(15.9718, -7.35565)
vector
329
(15.9718, -7.35565)
(16.1224, -7.1)
vector
330
(16.1224, -7.1)
(16.2685, -6.84176)
vector
331
(16.2685, -6.84176)
(16.4101, -6.58102)
vector
332
(16.4101, -6.58102)
(16.5471, -6.31784)
vector
333
(16.5471, -6.31784)
(16.6795, -6.05231)
vector
334
(16.6795, -6.05231)
(16.8072, -5.78451)
vector
335
(16.8072, -5.78451)
(16.9303, -5.51452)
vector
336
(16.9303, -5.51452)
(17.0486, -5.24243)
vector
337
(17.0486, -5.24243)
(17.1621, -4.96831)
vector
338
(17.1621, -4.96831)
(17.2709, -4.69226)
vector
339
(17.2709, -4.69226)
(17.3748, -4.41434)
vector
340
(17.3748, -4.41434)
(17.4738, -4.13466)
vector
341
(17.4738, -4.13466)
(17.568, -3.85329)
vector
342
(17.568, -3.85329)
(17.6572, -3.57032)
vector
343
(17.6572, -3.57032)
(17.7414, -3.28584)
vector
344
(17.7414, -3.28584)
(17.8207, -2.99992)
vector
345
(17.8207, -2.99992)
(17.895, -2.71267)
vector
346
(17.895, -2.71267)
(17.9643, -2.42417)
vector
347
(17.9643, -2.42417)
(18.0285, -2.1345)
vector
348
(18.0285, -2.1345)
(18.0877, -1.84375)
vector
349
(18.0877, -1.84375)
(18.1417, -1.55202)
vector
350
(18.1417, -1.55202)
(18.1907, -1.25939)
vector
351
(18.1907, -1.25939)
(18.2346, -0.965943)
vector
352
(18.2346, -0.965943)
(18.2733, -0.671779)
vector
353
(18.2733, -0.671779)
(18.3069, -0.376984)
vector
354
(18.3069, -0.376984)
(18.3353, -0.0816476)
vector
355
(18.3353, -0.0816476)
(18.3586, 0.21414)
vector
356
(18.3586, 0.21414)
(18.3767, 0.510289)
vector
357
(18.3767, 0.510289)
(18.3896, 0.806709)
polyline
4
count of points
5
vector
0
(1, 1)
(4, 4)
vector
1
(4, 4)
(7, 6)
vector
2
(7, 6)
(8, 9)
vector
3
(8, 9)
(13, 15)
